(64, 64, 3)
(695, 64, 64, 3)
(1, 695)
(1, 297)
INFO:tensorflow:Using default config.
INFO:tensorflow:Using config: {'_save_checkpoints_secs': 600, '_session_config': None, '_keep_checkpoint_max': 5, '_task_type': 'worker', '_train_distribute': None, '_is_chief': True, '_cluster_spec': <tensorflow.python.training.server_lib.ClusterSpec object at 0x11a08aed0>, '_evaluation_master': '', '_save_checkpoints_steps': None, '_keep_checkpoint_every_n_hours': 10000, '_service': None, '_num_ps_replicas': 0, '_tf_random_seed': None, '_master': '', '_num_worker_replicas': 1, '_task_id': 0, '_log_step_count_steps': 100, '_model_dir': '/Users/tianzhang/Documents/NU/EECS349/project/data', '_global_id_in_cluster': 0, '_save_summary_steps': 100}
INFO:tensorflow:Calling model_fn.
INFO:tensorflow:Done calling model_fn.
INFO:tensorflow:Create CheckpointSaverHook.
INFO:tensorflow:Graph was finalized.
INFO:tensorflow:Running local_init_op.
INFO:tensorflow:Done running local_init_op.
INFO:tensorflow:Saving checkpoints for 1 into /Users/tianzhang/Documents/NU/EECS349/project/data/model.ckpt.
INFO:tensorflow:probabilities = [[0.         0.         0.         0.         0.         0.
  0.         0.6295779  0.         0.         0.         0.3492385
  0.         0.02118359 0.         0.         0.        ]
 [0.         0.         0.         0.         0.         0.
  0.         0.00002844 0.         0.         0.         0.
  0.         0.9999715  0.         0.         0.        ]
 [0.         0.         0.         0.         0.00000986 0.
  0.         0.00000111 0.         0.         0.         0.6568815
  0.         0.3431075  0.         0.         0.        ]
 [0.         0.         0.         0.         0.         0.
  0.         0.         0.         0.         0.00007326 0.00053551
  0.         0.9993912  0.         0.         0.        ]
 [0.         0.         0.         0.         0.00048649 0.
  0.         0.00002462 0.         0.         0.0000001  0.00000156
  0.         0.99948716 0.         0.         0.        ]
 [0.         0.         0.         0.         0.00005655 0.
  0.         0.9998497  0.         0.         0.00000004 0.00003895
  0.         0.00005467 0.         0.         0.        ]
 [0.         0.         0.         0.         0.         0.
  0.         0.         0.         0.         0.00000004 0.00000018
  0.         0.9999999  0.         0.         0.        ]
 [0.         0.         0.         0.         0.00613172 0.
  0.         0.17862862 0.         0.00000935 0.00041154 0.10484904
  0.         0.7099697  0.         0.         0.        ]
 [0.         0.         0.         0.         0.00000001 0.
  0.         1.         0.         0.         0.         0.
  0.         0.00000004 0.         0.         0.        ]
 [0.         0.         0.         0.         0.00214718 0.
  0.         0.00142903 0.         0.00000097 0.9955317  0.00079887
  0.         0.00009227 0.         0.         0.        ]]
INFO:tensorflow:loss = 38.41407, step = 1
INFO:tensorflow:probabilities = [[0.06040208 0.05884019 0.05835834 0.06001394 0.05909429 0.05943695
  0.05923528 0.06008298 0.05874018 0.06117589 0.05859216 0.05907465
  0.05835453 0.05631669 0.05452642 0.05895019 0.05880527]
 [0.07435095 0.05128394 0.06398493 0.06263483 0.0567128  0.05793286
  0.06236173 0.06567898 0.06179005 0.07312078 0.05205821 0.06197247
  0.0710182  0.03937889 0.02137742 0.06563884 0.0587042 ]
 [0.07490676 0.05474298 0.06065776 0.06871037 0.0541741  0.06056506
  0.0620221  0.06454501 0.06003959 0.06713347 0.0612936  0.05864989
  0.05880081 0.04303595 0.03186527 0.06118073 0.05767659]
 [0.06155389 0.05857272 0.05891219 0.06082278 0.05743634 0.05934382
  0.05944081 0.05937625 0.05899708 0.05942842 0.05848325 0.05857021
  0.05979738 0.05726449 0.05508442 0.05783528 0.05908069]
 [0.08506361 0.05687283 0.04774224 0.07725868 0.0750773  0.06597239
  0.07741239 0.05968347 0.07309787 0.07650492 0.06401456 0.06158821
  0.05111034 0.02293812 0.00557338 0.05479853 0.04529123]
 [0.06610008 0.05604829 0.05982095 0.06177858 0.06111589 0.05973789
  0.06055626 0.06134967 0.05820753 0.06108831 0.05837905 0.06219165
  0.06077038 0.0531454  0.04174508 0.06011126 0.0578537 ]
 [0.07623327 0.04798344 0.10985898 0.07986455 0.07938658 0.07832818
  0.03588689 0.05487087 0.03665486 0.06350846 0.07627017 0.06047848
  0.09250825 0.01435899 0.00271528 0.0432911  0.0478016 ]
 [0.06022167 0.05883361 0.05886658 0.06199277 0.05751892 0.0592826
  0.06242493 0.05850989 0.06211086 0.06406561 0.05805528 0.05826037
  0.05991152 0.0537686  0.0482533  0.05883342 0.05909013]
 [0.06397045 0.05641055 0.0631252  0.06427127 0.05702927 0.06001369
  0.06102149 0.06158892 0.05747335 0.06213257 0.06250542 0.06627926
  0.05784751 0.04821416 0.03896258 0.06002289 0.05913138]
 [0.0675202  0.06195777 0.06265924 0.06981874 0.05455398 0.05626742
  0.06146077 0.05764785 0.05885275 0.06342544 0.05907787 0.06236426
  0.05852208 0.0480172  0.03478    0.06345739 0.05961708]] (9.725 sec)
INFO:tensorflow:global_step/sec: 5.06857
INFO:tensorflow:probabilities = [[0.06948315 0.04473384 0.05799232 0.11251199 0.06719693 0.04755508
  0.06091869 0.06125924 0.07028697 0.0608355  0.04626417 0.09908842
  0.06106689 0.0387571  0.00979554 0.04920247 0.04305167]
 [0.06104453 0.05982687 0.06247278 0.06342172 0.05818352 0.06033491
  0.05740787 0.05807832 0.059149   0.06155808 0.06118914 0.05963807
  0.05808926 0.0579424  0.04716722 0.05880338 0.05569291]
 [0.05951845 0.05879793 0.05980174 0.06047769 0.05813185 0.05796612
  0.05854272 0.05936535 0.05955882 0.05915495 0.05993731 0.06030919
  0.05919467 0.05639389 0.05536562 0.05867787 0.05880577]
 [0.06013117 0.05836704 0.059115   0.0597799  0.05823371 0.05899877
  0.05929231 0.05911245 0.05886291 0.05926733 0.05896899 0.05906066
  0.05874555 0.05806151 0.05673965 0.05763341 0.05962963]
 [0.0595562  0.05762398 0.06334767 0.0625129  0.05782797 0.06214798
  0.05919366 0.05774231 0.05814891 0.06007491 0.06112893 0.0603629
  0.06070476 0.05340292 0.05023222 0.05781715 0.05817463]
 [0.068964   0.06022336 0.06316087 0.0603762  0.05405765 0.05786894
  0.05719516 0.06053119 0.06326717 0.06530338 0.0678951  0.06527671
  0.06024247 0.04230366 0.03861309 0.05386505 0.06085596]
 [0.06161399 0.05923099 0.05728626 0.05958466 0.06020382 0.05978034
  0.06200372 0.05833244 0.06076954 0.06111686 0.05912136 0.06135416
  0.0590751  0.05542747 0.05290897 0.05582983 0.05636051]
 [0.05963641 0.05804316 0.05933374 0.0597471  0.05830604 0.0588252
  0.05856825 0.05927247 0.05835167 0.05886529 0.05950458 0.05875733
  0.05841561 0.05834511 0.05842726 0.0583235  0.05927736]
 [0.05927474 0.05845153 0.05883684 0.05913035 0.05868999 0.05885484
  0.05880208 0.05902328 0.05846974 0.0586215  0.05909638 0.05913617
  0.05858412 0.05859088 0.05876755 0.05867339 0.05899665]
 [0.0658591  0.05673651 0.06069623 0.06485613 0.05484919 0.0593458
  0.06473801 0.06013445 0.0650926  0.06410361 0.05698404 0.06082567
  0.06183086 0.0485005  0.03602085 0.06177782 0.05764855]] (10.005 sec)
INFO:tensorflow:loss = 2.7956524, step = 101 (19.732 sec)
INFO:tensorflow:probabilities = [[0.07157994 0.04715999 0.0536285  0.08509611 0.06174637 0.05426088
  0.05233646 0.06789473 0.0458156  0.05853463 0.04856753 0.13153166
  0.06150467 0.0375545  0.01536182 0.04842358 0.05900304]
 [0.06084021 0.05842725 0.05902793 0.05996434 0.05760305 0.05901713
  0.05873664 0.05943545 0.05826192 0.05800225 0.05940356 0.0591215
  0.05824078 0.05824183 0.05838494 0.05783507 0.05945615]
 [0.06786608 0.05300836 0.05883471 0.09104771 0.06386365 0.06195604
  0.04966069 0.06246333 0.05512625 0.0682005  0.05754217 0.07232008
  0.06190332 0.04313671 0.02186598 0.05854357 0.05266083]
 [0.066006   0.05943535 0.06018805 0.06738482 0.05521953 0.05876886
  0.05761958 0.06100501 0.05890062 0.05864432 0.06173647 0.0623102
  0.05891883 0.05360863 0.04558366 0.05553543 0.05913465]
 [0.05971419 0.05830707 0.05851069 0.059433   0.05839228 0.05876157
  0.05895584 0.05943109 0.0585561  0.05852324 0.05921882 0.05905465
  0.05834648 0.05830375 0.05893645 0.05819464 0.05936009]
 [0.07159624 0.0557544  0.05140883 0.06622003 0.05863437 0.05895468
  0.06146874 0.05943802 0.06224071 0.06838319 0.06426584 0.06379953
  0.06525884 0.04312539 0.02841399 0.06108987 0.05994732]
 [0.06129047 0.05619886 0.06380466 0.06424279 0.05804448 0.05985255
  0.05832454 0.06010082 0.05818569 0.05929684 0.06106628 0.06096105
  0.05608662 0.054869   0.04916291 0.05787226 0.06064024]
 [0.05941465 0.05808382 0.05922277 0.05986807 0.05848827 0.05880748
  0.05898357 0.05912232 0.0581949  0.05838829 0.05911571 0.05901046
  0.05811795 0.05869117 0.05883837 0.05818868 0.05946346]
 [0.08510739 0.04625762 0.0508302  0.08737437 0.05700503 0.05181156
  0.05247371 0.06170062 0.04402757 0.06439147 0.05519667 0.10396415
  0.06148829 0.03860169 0.02193001 0.06285317 0.05498642]
 [0.07582206 0.05385626 0.06094137 0.07008099 0.05286656 0.06171929
  0.05702233 0.06323103 0.0549996  0.06264662 0.06305256 0.06860352
  0.06018616 0.04334662 0.03441891 0.05435617 0.06284992]] (9.753 sec)
INFO:tensorflow:global_step/sec: 5.13988
INFO:tensorflow:probabilities = [[0.06818458 0.05581075 0.06078064 0.06526072 0.05474706 0.05926647
  0.06091949 0.06034244 0.05744353 0.06033848 0.05966752 0.06676503
  0.05543391 0.05141495 0.04769577 0.05515297 0.06077572]
 [0.07132953 0.04953723 0.0625606  0.06802299 0.05666264 0.05287162
  0.05892449 0.06003828 0.05447865 0.06183623 0.07016449 0.08357364
  0.06431462 0.04154677 0.03101519 0.05677819 0.05634481]
 [0.07574914 0.07170069 0.09386313 0.1804642  0.04492297 0.05087739
  0.03938721 0.03853486 0.03742353 0.05670701 0.09267244 0.080604
  0.05368057 0.01960093 0.00493112 0.02250065 0.03638018]
 [0.06059422 0.05774195 0.06022429 0.06187732 0.05905989 0.05758387
  0.05854545 0.05937367 0.05768673 0.05870657 0.06038218 0.06134253
  0.05863075 0.05670294 0.05527262 0.05579142 0.06048365]
 [0.06251767 0.05704689 0.06017362 0.06267546 0.05600454 0.06050231
  0.05928927 0.05976276 0.05733672 0.05945759 0.05923945 0.05823998
  0.05701187 0.05739582 0.05647236 0.05571612 0.06115761]
 [0.10362475 0.05058365 0.07145678 0.14789613 0.04307273 0.05511969
  0.05290342 0.07489332 0.02930807 0.05449951 0.05759829 0.07073313
  0.05623038 0.0208694  0.00820424 0.04664674 0.05635982]
 [0.08767127 0.04569181 0.0658529  0.10452817 0.05094896 0.0666918
  0.05307437 0.07393295 0.0415324  0.06271698 0.08664127 0.05977041
  0.04856952 0.03384681 0.02104018 0.04656504 0.05092513]
 [0.07863119 0.04587331 0.05831886 0.088528   0.0616692  0.05941115
  0.05127069 0.06511978 0.05616776 0.06244333 0.05780185 0.07599498
  0.0694746  0.04626404 0.02071648 0.05038702 0.05192778]
 [0.06190535 0.05761928 0.05951605 0.06183572 0.0577814  0.05880761
  0.05841276 0.05967425 0.057416   0.05823722 0.05966899 0.05900211
  0.05677991 0.05787843 0.05772182 0.05709089 0.06065219]
 [0.06040158 0.05942912 0.06062482 0.05958596 0.05851061 0.0582179
  0.05860846 0.0603325  0.05746561 0.05935718 0.06052152 0.05942507
  0.05911061 0.05597693 0.05635001 0.05650381 0.05957832]] (9.702 sec)
INFO:tensorflow:loss = 2.6881647, step = 201 (19.454 sec)
INFO:tensorflow:probabilities = [[0.07632991 0.0345843  0.0691144  0.11984112 0.06276099 0.03577853
  0.04202785 0.10193032 0.02300879 0.04785827 0.05795782 0.168372
  0.04018392 0.03507324 0.0078656  0.03087816 0.04643477]
 [0.06055154 0.0554349  0.0629169  0.06094244 0.05769419 0.05874971
  0.05921217 0.06108919 0.05802725 0.05962251 0.06307904 0.0621109
  0.0569067  0.05446614 0.05065282 0.05715492 0.06138865]
 [0.06265093 0.05751211 0.06375136 0.06673212 0.05867296 0.05895692
  0.05756138 0.05685413 0.05645129 0.0644578  0.06146619 0.05903269
  0.05543876 0.05402091 0.04734285 0.056787   0.06231061]
 [0.07146829 0.050906   0.06224504 0.07611906 0.06148818 0.06014157
  0.06183936 0.06318837 0.05736161 0.05911899 0.0632121  0.06600822
  0.06309285 0.04506327 0.02693118 0.054852   0.05696388]
 [0.09571044 0.04468652 0.03342672 0.13900237 0.07177686 0.04655176
  0.05388305 0.1061045  0.04838748 0.05151265 0.0513988  0.11188488
  0.05407739 0.02020517 0.00121731 0.03809485 0.03207925]
 [0.07462694 0.04750327 0.09844781 0.12470484 0.06500589 0.05357615
  0.04051406 0.05593821 0.04472625 0.07645254 0.07159141 0.06636545
  0.06432121 0.02383184 0.00956485 0.03302959 0.04979973]
 [0.01741135 0.00362624 0.00838956 0.05885824 0.00641828 0.00447205
  0.00273071 0.02228776 0.00086171 0.00928404 0.01462689 0.83204436
  0.0067393  0.00455027 0.00036607 0.0011713  0.0061619 ]
 [0.0832928  0.0626066  0.06743768 0.06391437 0.06271976 0.066737
  0.06155248 0.0642654  0.05934705 0.06940006 0.06397381 0.05262121
  0.06017984 0.03605691 0.02870322 0.04460119 0.0525907 ]
 [0.10654213 0.02995292 0.04361356 0.1221856  0.04486709 0.04279311
  0.04631576 0.06016057 0.04706829 0.05845987 0.06053486 0.13017146
  0.06193069 0.03873549 0.01312252 0.03819279 0.05535327]
 [0.08827243 0.04833727 0.08161074 0.09732225 0.06026835 0.06051145
  0.05968803 0.0588331  0.04796143 0.06234657 0.0675485  0.07947031
  0.05322976 0.02434313 0.00945579 0.05941243 0.04138847]] (9.617 sec)
INFO:tensorflow:global_step/sec: 5.20092
INFO:tensorflow:probabilities = [[0.06846028 0.049148   0.06265716 0.07175494 0.06738674 0.05581123
  0.05742307 0.06378312 0.04899735 0.06262682 0.06111082 0.08399867
  0.0571591  0.04666695 0.03525056 0.04545144 0.06231379]
 [0.07142034 0.05425219 0.05965982 0.09210198 0.06487089 0.06022513
  0.07030743 0.06768622 0.06130274 0.06505746 0.05120727 0.06466341
  0.06464633 0.03629611 0.01342626 0.04777746 0.05509901]
 [0.04354843 0.00791597 0.00799907 0.0527542  0.03086816 0.00329614
  0.0096586  0.03105531 0.02387016 0.03365419 0.01755574 0.6983058
  0.02058052 0.0055335  0.00017574 0.00471887 0.00850953]
 [0.07688088 0.05914501 0.05745244 0.06939086 0.05960027 0.0550309
  0.06471863 0.06725413 0.06025984 0.06482292 0.05549772 0.06598603
  0.06013739 0.05101914 0.02933555 0.04983148 0.05363673]
 [0.06039491 0.05827519 0.06077058 0.06317081 0.05841757 0.05848179
  0.05788942 0.0611205  0.05656344 0.05842537 0.06002948 0.05835553
  0.05833089 0.05586309 0.05654146 0.05636744 0.06100257]
 [0.11504418 0.05623803 0.07326931 0.1421357  0.04748958 0.05305377
  0.0471392  0.05897632 0.04936468 0.08008979 0.05257931 0.04678482
  0.04863823 0.03677    0.00785375 0.04056543 0.04400799]
 [0.1362656  0.0381746  0.0401858  0.14952451 0.03566698 0.0416575
  0.03281245 0.07509459 0.04636582 0.04772402 0.05375194 0.15275721
  0.03628615 0.03109394 0.00355946 0.04065262 0.03842683]
 [0.06256623 0.05602754 0.06028743 0.06209759 0.05702778 0.05774315
  0.05842909 0.05997591 0.05570854 0.05845653 0.06016815 0.05891888
  0.05739937 0.05887379 0.05877754 0.05584093 0.06170152]
 [0.07250661 0.06399871 0.05868666 0.20109393 0.04604927 0.04093534
  0.04372283 0.06338748 0.0424834  0.05757196 0.05205709 0.09237238
  0.04702351 0.03111103 0.00604349 0.03536747 0.04558881]
 [0.0572786  0.08890601 0.08583464 0.2765625  0.05974169 0.02563351
  0.02440211 0.04442372 0.03920192 0.07824924 0.07512922 0.03003404
  0.03290592 0.01864144 0.0015143  0.032773   0.0287681 ]] (9.610 sec)
INFO:tensorflow:loss = 2.4112766, step = 301 (19.227 sec)
INFO:tensorflow:probabilities = [[0.06917595 0.05476981 0.06698909 0.07374607 0.05982423 0.06063096
  0.0591148  0.06699274 0.05109086 0.06454347 0.06163287 0.06213422
  0.05344714 0.04762175 0.03266164 0.05573067 0.0598938 ]
 [0.06709443 0.04578232 0.06766501 0.08721846 0.06532198 0.05432684
  0.05488892 0.07844637 0.04812574 0.0627996  0.06712534 0.06805195
  0.06673338 0.03753506 0.01957201 0.05759465 0.05171803]
 [0.07235958 0.05496864 0.06051924 0.07598835 0.05573654 0.05339577
  0.06113634 0.06764105 0.05737869 0.06235845 0.0636204  0.05882161
  0.06439413 0.04151277 0.03436856 0.05595961 0.05984021]
 [0.05776167 0.04889614 0.09222899 0.14932048 0.04854251 0.05377947
  0.05430536 0.07130443 0.03704986 0.0624202  0.07037589 0.0507755
  0.04588285 0.04763323 0.01116309 0.03834603 0.06021424]
 [0.08681021 0.02967434 0.05638235 0.10265562 0.08490922 0.03693172
  0.06042665 0.06932196 0.04572118 0.04701132 0.07573653 0.09237529
  0.09202822 0.02381141 0.00461945 0.0400412  0.05154337]
 [0.06733428 0.05701284 0.06589219 0.07796839 0.05869611 0.05898083
  0.053787   0.06513682 0.05324581 0.06023179 0.06588838 0.06126196
  0.05694132 0.04745808 0.04102584 0.04857638 0.06056199]
 [0.04501742 0.04347439 0.1000237  0.31301793 0.03983193 0.05337264
  0.03864577 0.05081569 0.02950682 0.05440478 0.08515406 0.02957533
  0.03205422 0.03020025 0.00411013 0.02349599 0.02729903]
 [0.07776164 0.05312017 0.09666999 0.15818404 0.05019637 0.05102753
  0.05199842 0.05403621 0.03697968 0.07600906 0.05934774 0.03511163
  0.05689692 0.0320931  0.01282198 0.04218419 0.05556132]
 [0.06614435 0.05470921 0.06137937 0.06233524 0.05747914 0.05603506
  0.05644212 0.06313393 0.05672831 0.06231739 0.05990016 0.05709654
  0.06050129 0.05241594 0.05501344 0.05245709 0.06591145]
 [0.07427639 0.04378279 0.07779081 0.12077259 0.05508216 0.05258041
  0.04520815 0.05783279 0.05057777 0.0625214  0.05850124 0.08033567
  0.0598808  0.04363653 0.01702708 0.04715164 0.05304185]] (9.474 sec)
INFO:tensorflow:global_step/sec: 5.2761
INFO:tensorflow:probabilities = [[0.10587393 0.07147489 0.03736282 0.09059484 0.09430876 0.0294685
  0.06394771 0.09165242 0.04187293 0.07240551 0.06007022 0.06336641
  0.07474802 0.01619233 0.00181384 0.05049543 0.03435149]
 [0.07154191 0.05420463 0.06825607 0.06910963 0.05684502 0.05239932
  0.05425751 0.06122757 0.05362047 0.05422604 0.05754392 0.06407158
  0.05898147 0.05328149 0.05305045 0.05034972 0.06703323]
 [0.09634537 0.03844108 0.06121704 0.09970311 0.06450172 0.05575858
  0.05711855 0.09154781 0.05444054 0.0571227  0.06731836 0.05926763
  0.05712423 0.04379125 0.0075656  0.03766737 0.05106904]
 [0.06152217 0.05632732 0.07081473 0.0821313  0.05591179 0.05675994
  0.05430811 0.06544323 0.04917693 0.06057259 0.0599004  0.05668027
  0.04899907 0.05529747 0.04847286 0.04853283 0.06914908]
 [0.07147163 0.04614037 0.0622977  0.06237821 0.05001929 0.05497735
  0.04816631 0.07034022 0.04325528 0.05188406 0.06940349 0.07914615
  0.04829103 0.06803741 0.06143128 0.04434193 0.0684183 ]
 [0.07566175 0.02345883 0.04698668 0.06049078 0.03372447 0.03009879
  0.02561693 0.0695016  0.02994512 0.04007568 0.11975545 0.25627533
  0.02474068 0.06834155 0.02193754 0.02120034 0.0521886 ]
 [0.06470729 0.07794214 0.06587129 0.12185629 0.07032464 0.05109407
  0.05665718 0.05393304 0.05477104 0.05884136 0.06064476 0.05408337
  0.05229714 0.03745469 0.01953282 0.05035313 0.04963583]
 [0.07517929 0.05389756 0.07390326 0.10612794 0.06259542 0.05582454
  0.05084154 0.09244365 0.03195874 0.06086881 0.06263041 0.04823656
  0.05411661 0.0424458  0.01730967 0.03744553 0.0741747 ]
 [0.06228769 0.05487164 0.06279352 0.06468886 0.05731233 0.05877639
  0.05760052 0.06130214 0.05566275 0.06026983 0.06026116 0.05735187
  0.05588811 0.05617032 0.05566258 0.05523394 0.06386632]
 [0.07576837 0.0607603  0.07367743 0.25206423 0.0356818  0.02868775
  0.01236769 0.06568924 0.01989186 0.02492929 0.0582018  0.15575488
  0.03080898 0.03892419 0.00709926 0.01614145 0.04355147]] (9.480 sec)
INFO:tensorflow:loss = 2.7353814, step = 401 (18.953 sec)
INFO:tensorflow:probabilities = [[0.06941597 0.0455858  0.0793772  0.09134502 0.05552886 0.04754839
  0.04840461 0.08227169 0.03494985 0.04419019 0.0875164  0.06961779
  0.0631432  0.05176368 0.0383587  0.031413   0.0595696 ]
 [0.05791416 0.03585198 0.06046788 0.079962   0.0318424  0.03372031
  0.02467621 0.10436355 0.02625546 0.03067725 0.07908286 0.14714508
  0.03856321 0.07503223 0.10876188 0.01685739 0.04882618]
 [0.06018022 0.05085894 0.06937285 0.07659866 0.05918365 0.0586508
  0.05422937 0.06451507 0.05452861 0.05804491 0.06529406 0.0573895
  0.05450284 0.05576153 0.04929184 0.0433211  0.06827614]
 [0.06882973 0.05787941 0.06552383 0.0657864  0.05489635 0.06182009
  0.06135013 0.07233378 0.0503993  0.06171434 0.06170086 0.05182453
  0.06167907 0.04332536 0.04306786 0.05669793 0.06117106]
 [0.07574981 0.05224769 0.10441005 0.14649653 0.04788184 0.06453124
  0.04223081 0.05445711 0.0331307  0.05515164 0.05809597 0.04036358
  0.04815318 0.03335682 0.02868233 0.03041562 0.08464513]
 [0.0809713  0.04708459 0.06385885 0.07537472 0.07470085 0.05158806
  0.06634491 0.0680013  0.04730289 0.05862987 0.06600907 0.06080471
  0.06398369 0.04425661 0.02493514 0.04420577 0.06194773]
 [0.07398376 0.02699297 0.08354349 0.08462545 0.05510003 0.04029696
  0.03235094 0.06191944 0.03192445 0.04350114 0.08070034 0.17297465
  0.05770292 0.04068338 0.0376562  0.02332678 0.05271716]
 [0.06838306 0.0493183  0.10568333 0.28126082 0.03755181 0.04476866
  0.02855436 0.06643715 0.03322174 0.0430471  0.06945433 0.03173394
  0.03062113 0.03075688 0.00863425 0.03109008 0.03948308]
 [0.11445251 0.04270731 0.06074074 0.06839427 0.03386408 0.05244419
  0.06352392 0.08411654 0.05433252 0.05543917 0.05623294 0.04888419
  0.03460325 0.05672636 0.05326143 0.03811504 0.08216153]
 [0.07494372 0.04028456 0.06672703 0.06550497 0.04725901 0.05035669
  0.04117043 0.08025961 0.04230019 0.04362605 0.06357209 0.07531086
  0.04882807 0.05567263 0.08524556 0.03298704 0.08595152]] (9.444 sec)
INFO:tensorflow:global_step/sec: 5.28914
INFO:tensorflow:probabilities = [[0.06441366 0.05459888 0.06178322 0.06172005 0.05381307 0.0579797
  0.0590038  0.06303398 0.05678291 0.0561561  0.06324977 0.05357821
  0.05558285 0.05649164 0.06325909 0.05510519 0.06344797]
 [0.07339771 0.04121985 0.08261309 0.09452985 0.06540295 0.05395558
  0.05317025 0.0625331  0.04247599 0.0446466  0.07821807 0.05948249
  0.05964436 0.04885609 0.03843306 0.02729912 0.07412186]
 [0.08726786 0.05296858 0.08952179 0.09042955 0.05002952 0.0471191
  0.05089283 0.06987433 0.04440162 0.05161367 0.06010113 0.04461057
  0.06469017 0.03777777 0.03904298 0.03792555 0.08173296]
 [0.0867678  0.04112526 0.06303088 0.07844242 0.08250535 0.04928956
  0.06362684 0.09727812 0.04009994 0.04892987 0.07355714 0.05138178
  0.06364249 0.04032391 0.01798567 0.04008351 0.06192948]
 [0.06340589 0.05754634 0.0657267  0.06492088 0.05345906 0.05782146
  0.05873763 0.06612494 0.05071033 0.05868034 0.06386464 0.05307661
  0.05446542 0.05603443 0.05730813 0.05335692 0.06476037]
 [0.10282777 0.0127562  0.05750687 0.05145156 0.09406431 0.02370407
  0.05883274 0.10240515 0.01902971 0.02497724 0.03624839 0.0609013
  0.02877012 0.01870948 0.00331647 0.0045671  0.29993156]
 [0.04199615 0.00316494 0.00667625 0.02827326 0.02887576 0.00739125
  0.00443404 0.05500113 0.00276107 0.00133976 0.03715814 0.7176138
  0.01142918 0.01618266 0.00492496 0.00016321 0.03261438]
 [0.02463331 0.05525712 0.14562757 0.537567   0.02105817 0.04196918
  0.01507394 0.03479126 0.0040801  0.01189666 0.06808361 0.00371596
  0.00708782 0.00916002 0.00026183 0.00515858 0.01457788]
 [0.0495391  0.02059333 0.09582811 0.19764847 0.05766241 0.05081758
  0.03700124 0.09431703 0.03185925 0.04998341 0.06052415 0.04410803
  0.04482909 0.0289595  0.01598198 0.0288831  0.09146431]
 [0.11061368 0.018602   0.0617817  0.03198974 0.0318853  0.01788597
  0.02030968 0.13629961 0.0105119  0.01801863 0.09472562 0.1659806
  0.04381855 0.08452997 0.05334969 0.00573994 0.09395754]] (9.463 sec)
INFO:tensorflow:loss = 2.6073651, step = 501 (18.909 sec)
INFO:tensorflow:probabilities = [[0.15354177 0.04289751 0.04476183 0.08829681 0.1421887  0.025798
  0.07795034 0.10558276 0.02002967 0.04700545 0.09190011 0.02787412
  0.04704079 0.01825347 0.00130298 0.01325142 0.05232425]
 [0.05073981 0.03601652 0.15242831 0.23114456 0.0421581  0.08501226
  0.03740252 0.06246634 0.01940485 0.05287692 0.07024233 0.01851967
  0.01700121 0.05176241 0.00484341 0.01241395 0.05556678]
 [0.06863789 0.05239062 0.06408748 0.06345195 0.04753508 0.0600592
  0.06123957 0.06473148 0.05478783 0.05422989 0.06577674 0.04860075
  0.05501772 0.05450525 0.06702392 0.04821038 0.06971423]
 [0.08412035 0.05286314 0.06305053 0.07412398 0.04257074 0.0587907
  0.06133795 0.07891397 0.04856906 0.05099547 0.07369654 0.03915314
  0.06598135 0.05240828 0.04618771 0.03553549 0.07170159]
 [0.14802521 0.02493121 0.06626323 0.17174758 0.09738622 0.05213521
  0.04688644 0.10209524 0.01901854 0.0286548  0.04951124 0.02128204
  0.05831579 0.03321539 0.00292395 0.02884248 0.04876542]
 [0.02568545 0.02556551 0.2945383  0.33636454 0.02402022 0.07506258
  0.01426173 0.04248909 0.00698919 0.03104017 0.0423439  0.01225303
  0.0099376  0.00907341 0.00229755 0.007235   0.04084272]
 [0.08221176 0.04363178 0.07268848 0.11692736 0.05857345 0.05485352
  0.06115066 0.07180557 0.03601759 0.05044406 0.06397035 0.05564522
  0.05886682 0.04139971 0.03288923 0.03331014 0.06561432]
 [0.08328333 0.04171893 0.06842358 0.06030817 0.06563693 0.03791963
  0.03780225 0.08750858 0.01996167 0.01789709 0.07556057 0.0528521
  0.03815113 0.02971083 0.0402894  0.01346185 0.22951394]
 [0.08509954 0.03624241 0.06215435 0.0689994  0.07197117 0.04413112
  0.04476277 0.06602425 0.03402409 0.03959302 0.06691824 0.06630211
  0.06526366 0.06540373 0.08820117 0.02260814 0.07230083]
 [0.07663345 0.04426972 0.06466155 0.07793847 0.04642358 0.05985847
  0.05863063 0.07917755 0.04091145 0.05675939 0.06566252 0.04965091
  0.05057305 0.04976346 0.05887526 0.03595589 0.08425466]] (9.432 sec)
INFO:tensorflow:global_step/sec: 5.32253
INFO:tensorflow:probabilities = [[0.07900781 0.0393078  0.07816774 0.07649074 0.04262863 0.05319912
  0.05443251 0.06739548 0.0423758  0.04659447 0.08572917 0.07137881
  0.06199648 0.04260214 0.05851511 0.0323306  0.06784758]
 [0.05931275 0.0384429  0.10331873 0.10258204 0.0569505  0.08434718
  0.07727187 0.0895353  0.03947109 0.06050209 0.07532427 0.03060942
  0.05422543 0.02189374 0.01673105 0.02902753 0.06045419]
 [0.03908389 0.01305014 0.13065773 0.09262326 0.06043458 0.05066187
  0.05721194 0.15037194 0.01219603 0.03061877 0.10235742 0.038753
  0.0624272  0.01892062 0.0161296  0.01049449 0.11400751]
 [0.07136309 0.01894615 0.07875822 0.10028623 0.07472861 0.06975728
  0.05068941 0.10246119 0.03780665 0.0569767  0.09291949 0.05181444
  0.07406312 0.04204624 0.02391276 0.01557295 0.03789754]
 [0.01295931 0.00840842 0.0909787  0.4374906  0.01976837 0.14031418
  0.0064318  0.07560571 0.00286064 0.00652113 0.04711041 0.00119546
  0.00522818 0.01947781 0.00217971 0.00061588 0.12285373]
 [0.03875936 0.01675524 0.06453807 0.5099766  0.02091139 0.08413078
  0.02107826 0.0269153  0.01611866 0.02713609 0.05368382 0.0249932
  0.03813697 0.02321983 0.0036093  0.00571528 0.02432178]
 [0.04734481 0.02802463 0.09391336 0.05034546 0.03951002 0.10490553
  0.03117375 0.07215031 0.01269341 0.0439758  0.14505358 0.00882377
  0.0158818  0.01944095 0.01430891 0.00599715 0.26645675]
 [0.15219659 0.00705951 0.00793023 0.07023962 0.09203666 0.02564299
  0.02339688 0.30211633 0.00425237 0.00972158 0.02332194 0.19469331
  0.01287133 0.06416374 0.00096237 0.00078121 0.00861335]
 [0.05896656 0.0236167  0.06159513 0.10282422 0.04879951 0.05106847
  0.02876268 0.10830425 0.03563362 0.03009787 0.06471138 0.0947312
  0.04241635 0.05908755 0.10139348 0.02572008 0.06227091]
 [0.09913656 0.04680049 0.07489782 0.09381282 0.07416486 0.05922185
  0.0526087  0.08632399 0.03429172 0.05324861 0.07862336 0.0416184
  0.04616484 0.04373914 0.02095894 0.03154039 0.0628475 ]] (9.356 sec)
INFO:tensorflow:loss = 2.2684882, step = 601 (18.786 sec)
INFO:tensorflow:probabilities = [[0.07934444 0.01950307 0.11615918 0.0827129  0.08029965 0.06275654
  0.04750477 0.09802269 0.04590505 0.03541018 0.06258522 0.02228878
  0.02253751 0.04558916 0.0202791  0.01515054 0.14395116]
 [0.10692893 0.02250261 0.06301434 0.05067105 0.03651059 0.04678934
  0.04141476 0.14230244 0.05197079 0.047855   0.07194376 0.0516544
  0.06524211 0.03381311 0.04467699 0.03240152 0.09030817]
 [0.06700916 0.03079787 0.14671795 0.14289694 0.02605346 0.11715899
  0.0325726  0.11005008 0.03023818 0.04245631 0.06404538 0.01211352
  0.03048867 0.03541258 0.00600191 0.0232141  0.08277225]
 [0.07766619 0.05120273 0.02348587 0.34159747 0.02967389 0.06677043
  0.04571323 0.12494732 0.05677936 0.04268801 0.02195069 0.01848736
  0.01153937 0.04426167 0.00316743 0.00548981 0.03457912]
 [0.20803921 0.01298321 0.06706645 0.054512   0.22756627 0.00627643
  0.0913216  0.04770395 0.01060094 0.0099465  0.06105436 0.054029
  0.08792265 0.01658729 0.00143183 0.0031471  0.03981121]
 [0.04330041 0.03912741 0.07493753 0.0583438  0.03171248 0.10002957
  0.04086326 0.09984297 0.03187763 0.04942503 0.07978348 0.01788804
  0.03149763 0.03573682 0.05784999 0.02531399 0.18246989]
 [0.10339556 0.01048617 0.04031272 0.03102859 0.16212091 0.0103166
  0.11548362 0.08447118 0.0245566  0.03797091 0.06723138 0.1526072
  0.10355445 0.01052542 0.00089116 0.02061583 0.02443171]
 [0.07853287 0.03241285 0.10799944 0.08042346 0.03261966 0.06341882
  0.04380948 0.09839462 0.04857852 0.04210765 0.07882121 0.02782949
  0.0459391  0.04243037 0.06791044 0.02343272 0.08533929]
 [0.05896644 0.03232654 0.12967236 0.06022778 0.03467457 0.06623784
  0.05700047 0.1116928  0.04843173 0.04884674 0.11254237 0.01412713
  0.03639876 0.02904286 0.04599908 0.01296022 0.10085236]
 [0.03109609 0.02372478 0.14947698 0.14918314 0.02236562 0.2074671
  0.05572117 0.07168371 0.01221563 0.04628458 0.08517603 0.00444529
  0.01248204 0.01778876 0.00856188 0.00838511 0.09394205]] (9.420 sec)
INFO:tensorflow:global_step/sec: 5.3247
INFO:tensorflow:probabilities = [[0.01934428 0.00739183 0.05707797 0.4131256  0.02009471 0.07948013
  0.00538548 0.19667783 0.00284332 0.09658667 0.02335129 0.00324822
  0.00177667 0.0204922  0.00252406 0.00447546 0.04612426]
 [0.05255745 0.02666041 0.12220193 0.10698727 0.04341854 0.05803379
  0.03822712 0.10243808 0.02986289 0.0443052  0.19955763 0.03106579
  0.03230362 0.01487369 0.03604003 0.0154223  0.04604425]
 [0.18430775 0.02485599 0.05667452 0.11827706 0.01704476 0.05510984
  0.03103943 0.08982698 0.04513307 0.05397272 0.04817304 0.01554666
  0.03625349 0.04196688 0.0900094  0.02371374 0.06809472]
 [0.00484955 0.01135221 0.09489048 0.21305756 0.02507517 0.1869836
  0.01792605 0.06604733 0.0150893  0.09836978 0.02601155 0.009943
  0.00746677 0.01688787 0.00155882 0.00819139 0.19629966]
 [0.03876897 0.024656   0.07480031 0.12136385 0.02902435 0.06750385
  0.02371679 0.07288641 0.02174981 0.08652378 0.06480055 0.02397552
  0.02790049 0.03018797 0.08584676 0.01464042 0.19165413]
 [0.05045166 0.02680165 0.07118057 0.12238289 0.04583242 0.05078965
  0.03242497 0.12663952 0.02764713 0.05448578 0.08647794 0.03651767
  0.03548136 0.03450486 0.08548855 0.04440751 0.0684858 ]
 [0.06756384 0.11403991 0.03766292 0.13803472 0.06570931 0.05225815
  0.08311728 0.05284007 0.06123156 0.05849646 0.05662897 0.03021303
  0.04877793 0.05072172 0.02986331 0.02427968 0.02856111]
 [0.0608814  0.01378107 0.04523193 0.43716672 0.02783813 0.08065484
  0.02107622 0.14932615 0.01395579 0.04545085 0.01542515 0.00531205
  0.00731903 0.02102982 0.01383771 0.00578497 0.0359281 ]
 [0.07500421 0.00226294 0.14740948 0.25408903 0.00729354 0.0034614
  0.00610185 0.0851759  0.0118302  0.02005262 0.08131304 0.15329817
  0.02218607 0.03249838 0.0748949  0.00314622 0.01998211]
 [0.0237344  0.00151596 0.0256736  0.13210364 0.0041397  0.00036154
  0.00174363 0.40598667 0.00639312 0.02064544 0.03987075 0.05772258
  0.00949685 0.0019592  0.19000971 0.00208241 0.0765608 ]] (9.361 sec)
INFO:tensorflow:loss = 2.2602596, step = 701 (18.780 sec)
INFO:tensorflow:probabilities = [[0.05480934 0.0596458  0.10117073 0.19010697 0.02230744 0.07754138
  0.02190164 0.11452198 0.02566602 0.02296645 0.09631197 0.00935725
  0.01914386 0.03885529 0.02168133 0.02068581 0.10332663]
 [0.0867849  0.03982691 0.06516289 0.05670752 0.02604657 0.05074238
  0.04952903 0.08369192 0.04080214 0.04337255 0.09969709 0.03726698
  0.04275469 0.04562819 0.12213074 0.03360118 0.07625427]
 [0.0567988  0.03041462 0.10116279 0.20346753 0.00945114 0.02424388
  0.01921156 0.06066711 0.04356584 0.02642524 0.11460902 0.07666848
  0.01424944 0.04309544 0.14082812 0.0133131  0.02182794]
 [0.01582573 0.04760579 0.1132985  0.17185208 0.049923   0.2081817
  0.03214916 0.09643672 0.02697997 0.05580566 0.03227197 0.0090705
  0.01778123 0.03321793 0.00635705 0.02056541 0.06267761]
 [0.06845942 0.04309181 0.07192098 0.11703556 0.03189232 0.07626421
  0.04719027 0.09348906 0.03531425 0.0463354  0.08617975 0.02708317
  0.0291462  0.05629845 0.06312775 0.0280755  0.07909589]
 [0.09600701 0.0364004  0.0379903  0.039009   0.15528387 0.03745757
  0.11186212 0.13049349 0.02324915 0.07138481 0.05589202 0.03133848
  0.03405359 0.03667289 0.02132609 0.03414846 0.04743072]
 [0.17590262 0.01040028 0.04792092 0.02397955 0.07448617 0.02131918
  0.10089836 0.14815907 0.00335918 0.02851581 0.11668099 0.00629077
  0.02614675 0.0339661  0.03683024 0.00211834 0.14302565]
 [0.04099628 0.05938629 0.1956369  0.10970054 0.05612394 0.09631372
  0.02858664 0.14733934 0.01545072 0.0440469  0.06078285 0.00879471
  0.02196761 0.03231324 0.00917137 0.01734391 0.05604494]
 [0.09862648 0.03771066 0.06825732 0.06604799 0.03379646 0.0820816
  0.06114372 0.09556567 0.04214885 0.04483382 0.09397624 0.03172236
  0.04263876 0.04224122 0.05782836 0.04696564 0.05441497]
 [0.09008997 0.04593511 0.0770541  0.05986674 0.02623522 0.0364462
  0.05194817 0.06994484 0.04581061 0.03873246 0.10232313 0.0304282
  0.03587234 0.0479146  0.13543409 0.02885538 0.07710879]] (9.322 sec)
INFO:tensorflow:global_step/sec: 5.37506
INFO:tensorflow:probabilities = [[0.0506405  0.05210355 0.08655637 0.06498086 0.03124618 0.08246105
  0.0437603  0.0850981  0.0265043  0.05823121 0.07887743 0.01827789
  0.04052109 0.05512135 0.1012103  0.04122523 0.08318429]
 [0.16619204 0.01000641 0.075689   0.02701265 0.07305466 0.05773211
  0.12298328 0.05505596 0.03461498 0.05683542 0.03909262 0.06349104
  0.12142343 0.02819741 0.01215113 0.03364431 0.02282352]
 [0.08445492 0.03888174 0.06600124 0.05161825 0.04515786 0.06166942
  0.07296611 0.12200227 0.02787142 0.07236361 0.0917754  0.02415851
  0.03834959 0.04359477 0.05524983 0.03241758 0.07146747]
 [0.1430189  0.01279976 0.03418165 0.00951067 0.03026786 0.00099379
  0.01008652 0.21044168 0.07142735 0.03086213 0.05962447 0.28998458
  0.01922829 0.03015548 0.04026888 0.00264092 0.00450711]
 [0.18508267 0.02755219 0.06357142 0.03351298 0.02009891 0.04020478
  0.07630122 0.07824745 0.06079303 0.0430843  0.12547001 0.04660269
  0.04553421 0.02980818 0.0427809  0.04397658 0.03737839]
 [0.07434162 0.03606467 0.05815224 0.07257397 0.04743879 0.07601992
  0.05478077 0.10356088 0.03978904 0.06639363 0.06700343 0.03985511
  0.04055819 0.04725957 0.05049985 0.0453489  0.08035937]
 [0.08901072 0.02420028 0.09713742 0.03751436 0.05260877 0.04200051
  0.05663127 0.0889681  0.02881462 0.0723859  0.08161366 0.10091455
  0.06778334 0.03678576 0.03567749 0.03197788 0.05597537]
 [0.0703045  0.13904178 0.03141205 0.20692143 0.01430766 0.0262456
  0.11071619 0.03999805 0.0194445  0.02389432 0.20359743 0.01199151
  0.01115467 0.02005573 0.02808063 0.01091519 0.03191874]
 [0.14504702 0.02873352 0.01857249 0.01226064 0.30371204 0.01281132
  0.18889476 0.0922166  0.0084312  0.08134964 0.01085204 0.01208421
  0.04999664 0.00784758 0.00058616 0.01586916 0.01073492]
 [0.015453   0.02679824 0.05652506 0.25025356 0.04005783 0.19556428
  0.03075725 0.04256671 0.01869206 0.04379702 0.03506495 0.005162
  0.01006082 0.06036842 0.01965501 0.00824951 0.14097421]] (9.282 sec)
INFO:tensorflow:loss = 2.078915, step = 801 (18.604 sec)
INFO:tensorflow:probabilities = [[0.11860757 0.04831814 0.04350949 0.05368531 0.04329636 0.05381832
  0.21255767 0.11577864 0.04974138 0.03419146 0.05044702 0.01825926
  0.08820424 0.01676179 0.00500961 0.04142644 0.0063873 ]
 [0.02324981 0.02632217 0.15811622 0.34792545 0.02106524 0.06922573
  0.02600392 0.11997271 0.02275739 0.03823365 0.0281952  0.00515176
  0.0109933  0.04758577 0.0078469  0.01489772 0.03245711]
 [0.00270615 0.0696241  0.02987975 0.8596337  0.00116232 0.005381
  0.00330026 0.00102689 0.00436997 0.00187126 0.00439703 0.00007433
  0.00010359 0.01368394 0.00090324 0.0002952  0.00158736]
 [0.10018452 0.03726698 0.05435077 0.05778588 0.02747096 0.05522489
  0.07364073 0.07453306 0.04021298 0.0444524  0.08523511 0.03217198
  0.04846808 0.05384476 0.10257285 0.04412865 0.06845543]
 [0.03503545 0.02620228 0.11669268 0.29600057 0.01837029 0.1028052
  0.01739477 0.14886974 0.01404098 0.01617057 0.04485807 0.00229559
  0.00992658 0.07872842 0.02196504 0.01102398 0.03961978]
 [0.08670649 0.02682318 0.05100559 0.07820036 0.02025843 0.02225216
  0.0380167  0.07842907 0.06065737 0.03865068 0.05975961 0.09878666
  0.04613062 0.05146442 0.16124895 0.0350013  0.04660844]
 [0.0322912  0.01570744 0.16425538 0.05560486 0.09715711 0.159031
  0.04837395 0.13669014 0.011297   0.01308468 0.07429902 0.01249131
  0.01543517 0.04923655 0.04871426 0.01944261 0.04688827]
 [0.12094475 0.06725617 0.05203751 0.09296782 0.03685628 0.0885648
  0.24808475 0.04540726 0.03517108 0.05762897 0.06468551 0.00722442
  0.03397502 0.01987023 0.0017361  0.01833829 0.00925105]
 [0.09123156 0.02485321 0.12806971 0.05485741 0.01169454 0.04081134
  0.09053501 0.06836241 0.01962245 0.01584319 0.13171251 0.01376452
  0.03194812 0.06458163 0.1490532  0.01519442 0.04786469]
 [0.05619048 0.01555751 0.06939074 0.0551805  0.00438729 0.01884534
  0.09856697 0.0324729  0.0128422  0.01709362 0.11039093 0.00483041
  0.01785361 0.01723379 0.35881975 0.00601714 0.1043268 ]] (9.284 sec)
INFO:tensorflow:global_step/sec: 5.31686
INFO:tensorflow:probabilities = [[0.06173185 0.00836669 0.0811955  0.17724204 0.04308283 0.14874767
  0.01234176 0.11732872 0.01614334 0.03443902 0.04097252 0.01837579
  0.0258502  0.02146321 0.05796789 0.02161841 0.11313258]
 [0.00165533 0.01111129 0.01293478 0.9344248  0.00119783 0.01300632
  0.00215717 0.0018072  0.00257026 0.00554416 0.00679052 0.00022656
  0.00027885 0.00391709 0.00034588 0.00012102 0.00191108]
 [0.05681232 0.04637644 0.06020915 0.0713366  0.02952863 0.06702626
  0.06327344 0.08311164 0.03496617 0.06255914 0.11921727 0.01668192
  0.03278089 0.04792167 0.08933076 0.04175221 0.07711554]
 [0.08537533 0.04164904 0.05884538 0.05664643 0.02474667 0.03717367
  0.04778069 0.06586245 0.04622105 0.04119734 0.10066403 0.04305981
  0.04146658 0.04391522 0.16645268 0.03270406 0.06623952]
 [0.07922949 0.04418971 0.04115923 0.08150159 0.02416543 0.01489261
  0.01063763 0.04889729 0.0354715  0.0265982  0.03812469 0.02581033
  0.0273353  0.04193483 0.35475856 0.00546919 0.09982444]
 [0.01954195 0.03988408 0.04130264 0.07184485 0.25238207 0.0238267
  0.03500926 0.16430476 0.01253256 0.12296799 0.01849463 0.01715489
  0.01447908 0.03527733 0.0138203  0.01679803 0.10037886]
 [0.22037861 0.00772492 0.07106864 0.05963855 0.01195317 0.01849083
  0.0334942  0.05840945 0.0383223  0.02400088 0.06797493 0.23333354
  0.02625658 0.03428213 0.0466234  0.02454774 0.02350015]
 [0.02096484 0.03161265 0.05395527 0.08823387 0.04485623 0.1574246
  0.04853876 0.0889612  0.03857286 0.05291258 0.04291016 0.01002773
  0.02528323 0.03733749 0.02080359 0.05215412 0.18545085]
 [0.01874028 0.02334898 0.09429599 0.3819665  0.01677759 0.06591523
  0.01478369 0.06298721 0.02824825 0.0252753  0.03129069 0.01300266
  0.00982369 0.03417329 0.01803403 0.01845656 0.14288002]
 [0.12766825 0.04746553 0.05113465 0.03936879 0.13551928 0.03292793
  0.06554872 0.06216896 0.03558299 0.02339504 0.09856735 0.03655263
  0.03584357 0.14810365 0.02985096 0.01062577 0.01967597]] (9.524 sec)
INFO:tensorflow:loss = 1.4767672, step = 901 (18.808 sec)
INFO:tensorflow:probabilities = [[0.06054511 0.03723083 0.08678561 0.06322756 0.03505049 0.10434403
  0.03214118 0.16176264 0.04170079 0.05523583 0.06994497 0.04242645
  0.04145149 0.02365219 0.0276821  0.07062253 0.04619631]
 [0.01238509 0.02342888 0.09986277 0.18905084 0.01724024 0.22475572
  0.0247871  0.17588928 0.01185682 0.07340705 0.03207845 0.00233822
  0.0092444  0.029183   0.00396582 0.0151073  0.05541904]
